Month,Count
2,1
4,2
5,1
6,3
8,1
9,2
11,2
12,1
